    816391,
    816392,
    816393,
    816394,
    816395,
    816396,
    816398,
    816399,
    816400,
    816401,
    816402,
    816403,
    816404,
    816405,
    816407,
    816408,
    816411,
    816415,
    816418,
    816420,
    816423,
    816424,
    816427,
    816428,
    816431,
    816432,
    816439,
    816437,
    816444,
    816443,
    816448,
    816449,
    816451,
    816452,
    816456,
    816455,
    816460,
    816461,
    816464,
    816466,
    816469,
    816470,
    816472,
    816477,
    816478,
    816479,
    816482,
    816485,
    816486,
    816487,
    816490,
    816491,
    816495,
    816494,
    816499,
    816500,
    816505,
    816503,
    816509,
    816510,
    816514,
    816518,
    816519,
    816523,
    816527,
    816528,
    816530,
    816534,
    816535,
    816539,
    816540,
    816541,
    816544,
    816546,
    816547,
    816550,
    816551,
    816555,
    816554,
    816560,
    816559,
    816564,
    816566,
    816567,
    816568,
    816572,
    816573,
    816574,
    816575,
    816576,
    816579,
    816580,
    816582,
    816585,
    816589,
    816593,
    816594,
    816597,
    816598,
    816599,
    816601,
    816603,
    816604,
    816606,
    816610,
    816613,
    816612,
    816616,
    816617,
    816623,
    816622,
    816627,
    816628,
    816629,
    816630,
    816633,
    816634,
    816637,
    816638,
    816641,
    816642,
    816648,
    816647,
    816649,
    816652,
    816653,
    816657,
    816661,
    816663,
    816664,
    816667,
    816669,
    816670,
    816673,
    816674,
    816675,
    816681,
    816682,
    816683,
    816686,
    816687,
    816690,
    816694,
    816695,
    816699,
    816698,
    816703,
    816704,
    816708,
    816710,
    816713,
    816714,
    816717,
    816720,
    816722,
    816726,
    816727,
    816731,
    816734,
    816735,
    816743,
    816741,
    816747,
    816753,
    816754,
    816758,
    816761,
    816762,
    816765,
    816771,
    816775,
    816778,
    816781,
    816786,
    816796,
    816801,
    816806,
    816808,
    816811,
    816812,
    816816,
    816818,
    816821,
    816824,
    816825,
    816829,
    816830,
    816837,
    816838,
    816842,
    816846,
    816847,
    816852,
    816855,
    816856,
    816861,
    816862,
    816867,
    816866,
    816870,
    816880,
    816884,
    816885,
    816889,
    816891,
    816894,
    816895,
    816900,
    816906,
    816907,
    816918,
    816923,
    816944,
    816948,
    816949,
    816959,
    816958,
    816968,
    816966,
    816970,
    816972,
    816975,
    816974,
    816980,
    816982,
    816988,
    816989,
    816991,
    816996,
    816998,
    816999,
    817000,
    817004,
    817005,
    817009,
    817010,
    817013,
    817014,
    817018,
    817019,
    817022,
    817023,
    817031,
    817032,
    817037,
    817035,
    817042,
    817043,
    817047,
    817051,
    817055,
    817057,
    817059,
    817062,
    817066,
    817068,
    817072,
    817075,
    817077,
    817079,
    817082,
    817083,
    817085,
    817086,
    817087,
    817088,
    817089,
    817090,
    817092,
    817093,
    817095,
    817096,
    817098,
    817100,
    817102,
    817103,
    817104,
    817105,
    817106,
    817108,
    817111,
    817113,
    817115,
    817117,
    817119,
    817120,
    817121,
    817122,
    817123,
    817124,
    817125,
    817128,
    817129,
    817132,
    817133,
    817135,
    817137,
    817138,
    817140,
    817141,
    817143,
    817144,
    817147,
    817148,
    817149,
    817151,
    817152,
    817155,
    817154,
    817156,
    817157,
    817159,
    817160,
    817165,
    817167,
    817168,
    817171,
    817172,
    817174,
    817175,
    817177,
    817179,
    817182,
    817183,
    817185,
    817186,
    817188,
    817189,
    817193,
    817194,
    817195,
    817196,
    817198,
    817197,
    817202,
    817203,
    817207,
    817206,
    817209,
    817210,
    817213,
    817214,
    817215,
    817216,
    817217,
    817218,
    817220,
    817221,
    817223,
    817225,
    817228,
    817231,
    817232,
    817233,
    817234,
    817236,
    817235,
    817238,
    817239,
    817242,
    817241,
    817244,
    817245,
    817246,
    817247,
    817249,
    817250,
    817251,
    817254,
    817256,
    817257,
    817258,
    817259,
    817260,
    817261,
    817262,
    817263,
    817264,
    817265,
    817268,
    817269,
    817271,
    817272,
    817273,
    817274,
    817276,
    817277,
    817278,
    817279,
    817281,
    817283,
    817284,
    817285,
    817286,
    817287,
    817288,
    817289,
    817290,
    817291,
    817292,
    817294,
    817295,
    817297,
    817299,
    817300,
    817301,
    817303,
    817304,
    817305,
    817306,
    817307,
    817308,
    817309,
    817310,
    817311,
    817313,
    817314,
    817315,
    817316,
    817319,
    817320,
    817322,
    817323,
    817324,
    817325,
    817327,
    817329,
    817331,
    817332,
    817333,
    817335,
    817336,
    817337,
    817340,
    817341,
    817342,
    817343,
    817344,
    817346,
    817348,
    817350,
    817353,
    817354,
    817355,
    817357,
    817359,
    817360,
    817361,
    817362,
    817363,
    817366,
    817367,
    817370,
    817371,
    817373,
    817375,
    817376,
    817377,
    817380,
    817381,
    817383,
    817384,
    817386,
    817385,
    817387,
    817388,
    817389,
    817390,
    817394,
    817395,
    817397,
    817398,
    817400,
    817401,
    817402,
    817403,
    817404,
    817405,
    817407,
    817409,
    817411,
    817412,
    817413,
    817414,
    817415,
    817416,
    817417,
    817418,
    817419,
    817422,
    817423,
    817425,
    817426,
    817428,
    817430,
    811771,
    811772,
    811780,
    811779,
    811782,
    811791,
    811795,
    811796,
    811806,
    811805,
    811808,
    811807,
    811809,
    811810,
    811811,
    811812,
    811813,
    811814,
    811815,
    811816,
    811817,
    811827,
    811829,
    811830,
    811832,
    811833,
    811834,
    811835,
    811837,
    811838,
    811839,
    811938,
    811939,
    811940,
    811941,
    811942,
    811943,
    811944,
    811945,
    811946,
    811947,
    812147,
    812149,
    812151,
    812156,
    812157,
    812159,
    812160,
    812161,
    812171,
    812170,
    812172,
    812173,
    812175,
    812207,
    812208,
    812239,
    812446,
    812450,
    812453,
    812454,
    812455,
    812456,
    812457,
    812459,
    812460,
    812461,
    812462,
    812463,
    812464,
    812465,
    812466,
    812467,
    812468,
    812469,
    812473,
    812474,
    812475,
    812476,
    812477,
    812478,
    812480,
    812479,
    812482,
    812483,
    812488,
    812489,
    812491,
    812492,
    812493,
    812501,
    812506,
    812512,
    812513,
    812515,
    812516,
    812517,
    812518,
    812520,
    812521,
    812522,
    812524,
    812525,
    812526,
    812527,
    812528,
    812529,
    812531,
    812536,
    812538,
    812540,
    812541,
    812542,
    812543,
    812544,
    812546,
    812547,
    812548,
    812549,
    812550,
    812551,
    812552,
    812554,
    812556,
    810368,
    810374,
    810381,
    810394,
    810400,
    810425,
    810432,
    810439,
    810469,
    810480,
    810499,
    810512,
    810519,
    810525,
    810534,
    810541,
    810547,
    810554,
    810580,
    810586,
    810601,
    810607,
    810615,
    810622,
    810650,
    810656,
    810665,
    810669,
    810675,
    810682,
    810689,
    810697,
    810703,
    810709,
    810716,
    810721,
    810727,
    810734,
    810737,
    810738,
    810739,
    810741,
    810745,
    810752,
    810757,
    810768,
    810776,
    810781,
    810783,
    810786,
    810790,
    810793,
    810795,
    810798,
    810802,
    810804,
    810807,
    810809,
    810812,
    810817,
    810819,
    810933,
    810936,
    810941,
    810945,
    810948,
    810969,
    810981,
    810987,
    810993,
    811031,
    811049,
    811054,
    811058,
    811067,
    811078,
    811086,
    811112,
    811137,
    811141,
    811154,
    811161,
    811168,
    811173,
    811177,
    811180,
    811183,
    811189,
    811193,
    811196,
    811200,
    811206,
    811207,
    811214,
    811218,
    811223,
    811227,
    811241,
    811244,
    811249,
    811252,
    811255,
    811257,
    811260,
    811268,
    811273,
    811280,
    811308,
    811313,
    811315,
    811333,
    811338,
    811377,
    811383,
    811412,
    812618,
    812624,
    812635,
    812640,
    812654,
    812687,
    812697,
    812699,
    812700,
    812701,
    816736,
    816752,
    816813,
    817296,
    817318,
    817466,
    817524,
    817614,
    817725,
    817817,
    817836,
    817855,
    818020,
    818080,
    818096,
    818135,
    818659,
    818669,
    818683,
    818694,
    818703,
    818726,
    818739,
    818750,
    818759,
    818765,
    818771,
    818781,
    818786,
    818797,
    818801,
    818803,
    818806,
    818809,
    818811,
    818814,
    818819,
    818825,
    818834,
    818837,
    818844,
    818849,
    818857,
    818860,
    818863,
    818864,
    818865,
    818868,
    818870,
    818877,
    818886,
    818906,
    818913,
    818920,
    818925,
    818940,
    818973,
    818986,
    818992,
    818998,
    819003,
    819011,
    819013,
    819021,
    819033,
    819042,
    819051,
    819058,
    819064,
    819072,
    819079,
    819085,
    819089,
    819092,
    819095,
    819097,
    819098,
    819099,
    819100,
    819101,
    819102,
    819103,
    819104,
    819105,
    819106,
    819107,
    819108,
    819195,
    819206,
    819213,
    819224,
    819227,
    819237,
    819243,
    819246,
    819257,
    819268,
    819271,
    819278,
    819284,
    819289,
    819295,
    819303,
    819308,
    819316,
    819330,
    819342,
    819349,
    819356,
    819377,
    819390,
    819395,
    819401,
    819405,
    819410,
    819416,
    819422,
    819449,
    819454,
    819459,
    819464,
    819473,
    819477,
    819483,
    819488,
    819497,
    819511,
    819548,
    819573,
    819581,
    819603,
    819621,
    819629,
    819637,
    819646,
    819655,
    819664,
    819682,
    819706,
    819721,
    819742,
    819777,
    819787,
    819829,
    819867,
    819878,
    819880,
    819882,
    819883,
    819884,
    819885,
    819886,
    819887,
    819888,
    819889,
    819890,
    820016,
    820022,
    820027,
    820034,
    820046,
    820052,
    820056,
    820061,
    820084,
    820094,
    820097,
    820104,
    820107,
    820111,
    820116,
    820118,
    820120,
    820121,
    820122,
    820123,
    820124,
    820125,
    820126,
    820127,
    820128,
    820129,
    820130,
    820131,
    820132,
    820133,
    820134,
    820188,
    820205,
    820230,
    820256,
    820284,
    820302,
    820373,
    820401,
    820430,
    820460,
    820484,
    820521,
    820533,
    820613,
    820619,
    820624,
    820626,
    820633,
    820639,
    820648,
    820667,
    820672,
    820674,
    820681,
    820688,
    820694,
    820699,
    820701,
    820706,
    820713,
    820716,
    820724,
    820734,
    820739,
    820749,
    820758,
    820766,
    820772,
    820780,
    820787,
    820798,
    820801,
    820807,
    820816,
    820823,
    820831,
    820833,
    820842,
    820852,
    820858,
    820863,
    820867,
    820877,
    820879,
    820886,
    820893,
    820896,
    820902,
    820913,
    820920,
    820923,
    820970,
    820972,
    820973,
    820974,
    820975,
    820976,
    820977,
    820978,
    820979,
    820981,
    820982,
    820983,
    820984,
    820985,
    820986,
    820988,
    820989,
    820990,
    820991,
    820993,
    820995,
    821076,
    821078,
    821117,
    821120,
    821133,
    821139,
    821142,
    821148,
    821154,
    821159,
    821170,
    821174,
    821180,
    821183,
    821187,
    821190,
    821193,
    821196,
    821201,
    821214,
    821216,
    821220,
    821225,
    821229,
    821235,
    821239,
    821244,
    821249,
    821254,
    821260,
    821271,
    821283,
    821286,
    821290,
    821294,
    821298,
    821309,
    821313,
    821319,
    821337,
    821342,
    821348,
    821354,
    821360,
    821367,
    821371,
    821375,
    821378,
    821384,
    821406,
    821414,
    821418,
    821423,
    821427,
    821430,
    821435,
    821440,
    821445,
    821451,
    821455,
    821460,
    821465,
    821470,
    821477,
    821479,
    821485,
    821492,
    821497,
    821498,
    821504,
    821509,
    821514,
    821523,
    821530,
    821531,
    821670,
    821679,
    821696,
    821706,
    821727,
    821757,
    821764,
    821791,
    821824,
    821856,
    821874,
    821886,
    821908,
    821918,
    821936,
    821949,
    821973,
    822129,
    822153,
    822205,
    822226,
    822245,
    822256,
    822273,
    822289,
    822292,
    822358,
    822364,
    822366,
    822370,
    822386,
    822413,
    822415,
    822436,
    822442,
    822455,
    822478,
    822485,
    822488,
    822491,
    822495,
    822498,
    822513,
    822516,
    822519,
    822522,
    822525,
    822527,
    822530,
    822534,
    822538,
    822541,
    822543,
    822546,
    822549,
    822553,
    822556,
    822560,
    822562,
    822565,
    822568,
    822571,
    822574,
    822578,
    822580,
    822581,
    822583,
    822585,
    822597,
    822605,
    822612,
    822628,
    822634,
    822649,
    822663,
    822665,
    822684,
    822696,
    822700,
    822705,
    822711,
    822716,
    822724,
    822732,
    822736,
    822746,
    822756,
    822762,
    822765,
    822770,
    822772,
    822778,
    822786,
    822792,
    822827,
    822833,
    822841,
    822849,
    822855,
    822861,
    822867,
    822873,
    822895,
    822902,
    822909,
    822920,
    822926,
    822934,
    822942,
    822949,
    822953,
    822957,
    822966,
    822968,
    822972,
    822979,
    822985,
    822990,
    822993,
    822999,
    823005,
    823006,
    823013,
    823027,
    823036,
    823043,
    823045,
    823052,
    823059,
    823063,
    823078,
    823085,
    823089,
    823095,
    823101,
    823104,
    823112,
    823117,
    823124,
    823128,
    823134,
    823140,
    823141,
    823146,
    823151,
    823154,
    823155,
    823156,
    823157,
    823158,
    823159,
    823177,
    823183,
    823200,
    823220,
    823227,
    823234,
    823236,
    823243,
    823248,
    823268,
    823518,
    823526,
    823538,
    823544,
    823549,
    823552,
    823554,
    823557,
    823559,
    823563,
    823564,
    823571,
    823579,
    823587,
    823598,
    823601,
    823607,
    823628,
    823636,
    823643,
    823650,
    823653,
    823660,
    823669,
    823676,
    823682,
    823688,
    823692,
    823693,
    823700,
    823701,
    823740,
    823746,
    823750,
    823755,
    823759,
    823764,
    823769,
    823774,
    823780,
    823785,
    823789,
    823792,
    823793,
    823796,
    823799,
    823803,
    823804,
    823808,
    823814,
    823821,
    823826,
    823830,
    823834,
    823835,
    823840,
    823845,
    823858,
    823862,
    823866,
    823869,
    823873,
    823874,
    823875,
    823876,
    823877,
    823878,
    823879,
    823881,
    823883,
    823887,
    823891,
    823896,
    823899,
    823902,
    823905,
    823907,
    823917,
    823920,
    823924,
    823927,
    823931,
    823932,
    823936,
    823937,
    823938,
    823939,
    823941,
    823945,
    823948,
    823949,
    823950,
    823954,
    823956,
    823959,
    823963,
    823966,
    823968,
    823975,
    823976,
    823980,
    823984,
    823989,
    823993,
    823997,
    824001,
    824003,
    824011,
    824014,
    824016,
    824019,
    824023,
    824024,
    824028,
    824031,
    824037,
    824042,
    824047,
    824049,
    824051,
    824070,
    824074,
    824092,
    824113,
    824133,
    824138,
    824036,
    824160,
    824181,
    824045,
    824495,
    824499,
    824506,
    824518,
    824478,
    824529,
    824482,
    824484,
    824535,
    824487,
    824540,
    824493,
    824552,
    824501,
    824504,
    824507,
    824565,
    824510,
    824513,
    824570,
    824515,
    824577,
    824520,
    824522,
    824583,
    824526,
    824528,
    824590,
    824533,
    824596,
    824598,
    824537,
    824541,
    824603,
    824544,
    824547,
    824610,
    824550,
    824614,
    824553,
    824555,
    824621,
    824560,
    824562,
    824628,
    824567,
    824634,
    824569,
    824573,
    824636,
    824576,
    824579,
    824644,
    824582,
    824585,
    824648,
    824587,
    824654,
    824591,
    824593,
    824661,
    824597,
    824601,
    824668,
    824605,
    824607,
    824673,
    824612,
    824613,
    824677,
    824617,
    824618,
    824680,
    824622,
    824624,
    824681,
    824627,
    824682,
    824630,
    824633,
    824685,
    824638,
    824640,
    824688,
    824643,
    824647,
    824651,
    824692,
    824653,
    824656,
    824695,
    824659,
    824662,
    824663,
    824696,
    824665,
    824669,
    824697,
    824674,
    824676,
    824703,
    824705,
    824707,
    824709,
    824711,
    824713,
    824750,
    824714,
    824715,
    824716,
    824717,
    824776,
    824719,
    824788,
    824721,
    824723,
    824807,
    824726,
    824728,
    824827,
    824730,
    824732,
    824845,
    824735,
    824737,
    824869,
    824740,
    824887,
    824742,
    824745,
    824747,
    824916,
    824749,
    824752,
    824756,
    824938,
    824764,
    824772,
    824779,
    824785,
    824792,
    824802,
    824810,
    825006,
    824819,
    825054,
    824836,
    824847,
    825074,
    824860,
    824871,
    825091,
    824877,
    824883,
    825096,
    824895,
    824905,
    825119,
    824914,
    824920,
    825144,
    824930,
    824937,
    825151,
    824949,
    825181,
    824965,
    824976,
    825205,
    824988,
    824997,
    825008,
    825020,
    825247,
    825029,
    825268,
    825037,
    825045,
    825290,
    825056,
    825069,
    825314,
    825075,
    825084,
    825340,
    825092,
    825098,
    825351,
    825108,
    825115,
    825363,
    825142,
    825388,
    825156,
    825168,
    825177,
    825436,
    825198,
    825210,
    825466,
    825217,
    825227,
    825490,
    825236,
    825250,
    825258,
    825269,
    825536,
    825279,
    825287,
    825297,
    825556,
    825307,
    825320,
    825332,
    825347,
    825348,
    825355,
    825361,
    825367,
    825374,
    825387,
    825391,
    825404,
    825620,
    825418,
    825421,
    825633,
    825435,
    825447,
    825455,
    825465,
    825471,
    825663,
    825480,
    825488,
    825667,
    825497,
    825508,
    825681,
    825516,
    825530,
    825540,
    825711,
    825550,
    825560,
    825729,
    825570,
    825577,
    825743,
    825580,
    825588,
    825593,
    825600,
    825604,
    825611,
    825617,
    825622,
    825626,
    825632,
    825639,
    825789,
    825644,
    825652,
    825658,
    825665,
    825671,
    825810,
    825677,
    825685,
    825689,
    825693,
    825835,
    825700,
    825705,
    825846,
    825714,
    825717,
    825723,
    825855,
    825728,
    825733,
    825738,
    825745,
    825870,
    825750,
    825756,
    825762,
    825766,
    825770,
    825775,
    825781,
    825787,
    825932,
    825791,
    825797,
    825945,
    825803,
    825806,
    825821,
    825829,
    825832,
    825839,
    825958,
    825844,
    825848,
    826022,
    825856,
    826042,
    825862,
    825867,
    825869,
    825879,
    825886,
    825892,
    826068,
    825909,
    826076,
    825914,
    826089,
    825921,
    825929,
    826098,
    825935,
    826110,
    826123,
    825964,
    825970,
    826134,
    825978,
    825985,
    826146,
    825991,
    825995,
    826004,
    826012,
    826018,
    826027,
    826029,
    826186,
    826032,
    826038,
    826189,
    826046,
    826203,
    826214,
    826379,
    826394,
    826412,
    826267,
    826276,
    826281,
    826287,
    826299,
    826305,
    826311,
    826319,
    826326,
    826333,
    826341,
    826348,
    826357,
    826366,
    826375,
    826389,
    826402,
    826469,
    826405,
    826409,
    826413,
    826418,
    826422,
    826426,
    826429,
    826510,
    826431,
    826517,
    826438,
    826441,
    826524,
    826444,
    826448,
    826539,
    826451,
    826455,
    826459,
    826464,
    826467,
    826562,
    826471,
    826474,
    826572,
    826480,
    826579,
    826483,
    826488,
    826588,
    826491,
    826495,
    826598,
    826499,
    826505,
    826509,
    826513,
    826518,
    826520,
    826618,
    826526,
    826531,
    826626,
    826534,
    826634,
    826538,
    826543,
    826640,
    826647,
    826554,
    826558,
    826654,
    826564,
    826567,
    826659,
    826571,
    826576,
    826669,
    826581,
    826585,
    826675,
    826589,
    826679,
    826594,
    826682,
    826600,
    826606,
    826690,
    826609,
    826698,
    826611,
    826705,
    826615,
    826617,
    826622,
    826628,
    826631,
    826635,
    826638,
    826642,
    826645,
    826741,
    826649,
    826749,
    826653,
    826656,
    826759,
    826658,
    826663,
    826760,
    826668,
    826672,
    826676,
    826775,
    826686,
    826782,
    826689,
    826693,
    826791,
    826697,
    826805,
    826706,
    826712,
    826811,
    826715,
    826718,
    826723,
    826829,
    826725,
    826730,
    826837,
    826734,
    826738,
    826844,
    826743,
    826750,
    826754,
    826860,
    826758,
    826761,
    826867,
    826765,
    826769,
    826772,
    826776,
    826885,
    826781,
    826785,
    826887,
    826788,
    826793,
    826796,
    826799,
    826803,
    826807,
    826809,
    826894,
    826812,
    826815,
    826926,
    826822,
    826828,
    826933,
    826832,
    826940,
    826835,
    826839,
    826842,
    826944,
    826848,
    826851,
    826857,
    826861,
    826949,
    826865,
    826950,
    826869,
    826874,
    826951,
    826881,
    826884,
    826952,
    826888,
    826892,
    826953,
    826897,
    826900,
    826903,
    826908,
    826955,
    826911,
    826956,
    826916,
    826918,
    826923,
    826924,
    826958,
    826927,
    826929,
    826932,
    826936,
    826938,
    826941,
    826974,
    826943,
    826975,
    826945,
    826947,
    826976,
    826982,
    826987,
    826990,
    826993,
    827019,
    827023,
    827029,
    827046,
    827049,
    827056,
    827063,
    827065,
    827069,
    827072,
    827076,
    827182,
    827109,
    827111,
    827188,
    827113,
    827119,
    827197,
    827120,
    827202,
    827209,
    827218,
    827224,
    827232,
    827240,
    827248,
    827253,
    827260,
    827274,
    827284,
    827294,
    827302,
    827191,
    827309,
    827313,
    827205,
    827206,
    827332,
    827420,
    827434,
    827466,
    827472,
    827245,
    827252,
    827502,
    827254,
    827523,
    827262,
    827527,
    827567,
    827590,
    827286,
    827608,
    827633,
    827638,
    827305,
    827668,
    827312,
    827672,
    827331,
    827677,
    827336,
    827681,
    827423,
    827444,
    827452,
    827705,
    827479,
    827710,
    827478,
    827718,
    827723,
    827522,
    827528,
    827730,
    827545,
    827735,
    827555,
    827742,
    827751,
    827606,
    827753,
    827618,
    827670,
    827765,
    827671,
    827800,
    827679,
    827683,
    827813,
    827687,
    827692,
    827835,
    827694,
    827699,
    827846,
    827701,
    827706,
    827708,
    827711,
    827713,
    827874,
    827727,
    827889,
    827740,
    827897,
    827741,
    827907,
    827750,
    827754,
    827916,
    827763,
    827766,
    827918,
    827771,
    827924,
    827781,
    827789,
    827790,
    827928,
    827801,
    827805,
    827822,
    827931,
    827828,
    827832,
    827932,
    827837,
    827933,
    827852,
    827934,
    827858,
    827935,
    827871,
    827876,
    827882,
    827937,
    827886,
    827938,
    827891,
    827939,
    827894,
    827940,
    827911,
    827920,
    827944,
    827946,
    827947,
    827950,
    827955,
    827961,
    827963,
    827966,
    827970,
    827977,
    827981,
    827985,
    827987,
    827991,
    827992,
    827997,
    827999,
    828001,
    828005,
    828006,
    828014,
    828021,
    828024,
    828027,
    828031,
    828034,
    828037,
    828040,
    828044,
    828047,
    828054,
    828056,
    828061,
    828062,
    828064,
    828068,
    828070,
    828071,
    828074,
    828075,
    828077,
    828081,
    828086,
    828089,
    828092,
    828094,
    828096,
    828103,
    828106,
    828118,
    828223,
    828123,
    828127,
    828230,
    828128,
    828234,
    828238,
    828150,
    828243,
    828160,
    828244,
    828164,
    828168,
    828245,
    828170,
    828172,
    828246,
    828178,
    828181,
    828184,
    828189,
    828192,
    828247,
    828197,
    828248,
    828200,
    828203,
    828249,
    828208,
    828215,
    828251,
    828336,
    828347,
    828355,
    828362,
    828372,
    828380,
    828391,
    828269,
    828271,
    828273,
    828398,
    828276,
    828279,
    828281,
    828409,
    828418,
    828286,
    828420,
    828292,
    828293,
    828431,
    828299,
    828437,
    828300,
    828302,
    828305,
    828308,
    828311,
    828314,
    828315,
    828323,
    828325,
    828331,
    828333,
    828335,
    828339,
    828343,
    828351,
    828484,
    828353,
    828360,
    828490,
    828361,
    828366,
    828497,
    828369,
    828373,
    828499,
    828377,
    828382,
    828505,
    828384,
    828388,
    828509,
    828395,
    828512,
    828402,
    828405,
    828519,
    828408,
    828525,
    828417,
    828419,
    828527,
    828422,
    828426,
    828537,
    828430,
    828542,
    828435,
    828436,
    828544,
    828442,
    828444,
    828551,
    828445,
    828450,
    828558,
    828452,
    828564,
    828457,
    828460,
    828571,
    828464,
    828466,
    828575,
    828469,
    828470,
    828580,
    828473,
    828586,
    828478,
    828481,
    828595,
    828485,
    828487,
    828489,
    828493,
    828610,
    828498,
    828501,
    828504,
    828508,
    828613,
    828621,
    828513,
    828627,
    828514,
    828520,
    828631,
    828521,
    828523,
    828526,
    828640,
    828531,
    828532,
    828643,
    828536,
    828540,
    828649,
    828543,
    828546,
    828657,
    828549,
    828552,
    828555,
    828559,
    828666,
    828561,
    828563,
    828674,
    828566,
    828569,
    828570,
    828572,
    828683,
    828576,
    828577,
    828696,
    828579,
    828697,
    828582,
    828583,
    828587,
    828705,
    828590,
    828592,
    828713,
    828600,
    828604,
    828724,
    828608,
    828726,
    828611,
    828615,
    828733,
    828616,
    828618,
    828743,
    828619,
    828748,
    828623,
    828624,
    828625,
    828754,
    828628,
    828755,
    828630,
    828635,
    828762,
    828636,
    828771,
    828781,
    828647,
    828652,
    828654,
    828785,
    828656,
    828659,
    828794,
    828662,
    828665,
    828802,
    828668,
    828673,
    828676,
    828679,
    828684,
    828685,
    828688,
    828692,
    828693,
    828695,
    828827,
    828698,
    828700,
    828702,
    828707,
    828840,
    828708,
    828710,
    828714,
    828715,
    828717,
    828721,
    828722,
    828858,
    828725,
    828728,
    828729,
    828732,
    828865,
    828735,
    828737,
    828874,
    828741,
    828744,
    828746,
    828877,
    828747,
    828885,
    828751,
    828753,
    828887,
    828759,
    828760,
    828897,
    828763,
    828765,
    828906,
    828766,
    828770,
    828772,
    828916,
    828774,
    828776,
    828919,
    828779,
    828782,
    828931,
    828784,
    828937,
    828788,
    828790,
    828792,
    828945,
    828798,
    828954,
    828799,
    828801,
    828805,
    828806,
    828809,
    828964,
    828814,
    828820,
    828822,
    828971,
    828823,
    828829,
    828978,
    828831,
    828836,
    828981,
    828838,
    828842,
    828845,
    828851,
    828855,
    828859,
    828988,
    828860,
    828863,
    829017,
    828867,
    828870,
    829027,
    828872,
    828875,
    829037,
    828880,
    828888,
    829041,
    828889,
    829048,
    828892,
    828895,
    829059,
    828900,
    828901,
    828903,
    829069,
    828909,
    828910,
    829077,
    828913,
    828921,
    829082,
    828922,
    828925,
    829089,
    828932,
    828935,
    829101,
    828938,
    828942,
    829106,
    828944,
    828948,
    829116,
    828952,
    828955,
    828956,
    828960,
    828961,
    828962,
    828966,
    829146,
    828968,
    828972,
    829147,
    828973,
    828977,
    829149,
    828984,
    828985,
    828986,
    829150,
    829151,
    828992,
    828995,
    829152,
    828996,
    828998,
    829153,
    829003,
    829006,
    829009,
    829154,
    829013,
    829014,
    829018,
    829155,
    829023,
    829026,
    829156,
    829029,
    829035,
    829039,
    829157,
    829049,
    829158,
    829052,
    829055,
    829159,
    829061,
    829063,
    829065,
    829160,
    829071,
    829073,
    829161,
    829079,
    829085,
    829162,
    829087,
    829090,
    829163,
    829097,
    829098,
    829100,
    829164,
    829107,
    829110,
    829165,
    829113,
    829119,
    829122,
    829166,
    829124,
    829128,
    829167,
    829131,
    829138,
    829139,
    829168,
    829142,
    829148,
    829216,
    829219,
    829220,
    829224,
    829227,
    829228,
    829232,
    829239,
    829250,
    829255,
    829258,
    829269,
    829272,
    829276,
    829278,
    829284,
    829287,
    829296,
    829303,
    829313,
    829321,
    829332,
    829342,
    829351,
    829359,
    829380,
    829386,
    829391,
    829395,
    829397,
    829398,
    829414,
    829416,
    829427,
    829442,
    829452,
    829454,
    829463,
    829483,
    829496,
    829505,
    829510,
    829514,
    829515,
    829518,
    829521,
    829524,
    829528,
    829535,
    829543,
    829548,
    829555,
    829560,
    829566,
    829572,
    829574,
    829583,
    829591,
    829599,
    829601,
    829609,
    829612,
    829615,
    829618,
    829619,
    829622,
    829626,
    829630,
    829634,
    829635,
    829641,
    829646,
    829650,
    829653,
    829658,
    829665,
    829673,
    829679,
    829684,
    829691,
    829697,
    829703,
    829704,
    829705,
    829706,
    829707,
    829708,
    829709,
    829710,
    829711,
    829712,
    829713,
    829714,
    829715,
    829716,
    829717,
    829718,
    829719,
    829864,
    829878,
    829888,
    829897,
    829907,
    829918,
    829920,
    829925,
    829931,
    829947,
    829956,
    829964,
    829969,
    829989,
    830006,
    830014,
    830053,
    830060,
    830204,
    830266,
    830317,
    830336,
    830399,
    830412,
    830415,
    830437,
    830458,
    830484,
    830488,
    830506,
    830565,
    830593,
    830606,
    830643,
    830658,
    830659,
    830668,
    830670,
    830677,
    830686,
    830691,
    830714,
    830720,
    830728,
    830735,
    830746,
    830753,
    830822,
    830928,
    830938,
    830945,
    830977,
    830992,
    831008,
    831024,
    831043,
    831070,
    831091,
    831102,
    831231,
    831238,
    831247,
    831248,
    831272,
    831281,
    831290,
    831298,
    831321,
    831328,
    831332,
    831336,
    831339,
    831342,
    831344,
    831348,
    831349,
    831350,
    831351,
    831352,
    831353,
    831355,
    831357,
    831358,
    831359,
    831360,
    831361,
    831362,
    831363,
    831364,
    831365,
    831366,
    831367,
    831368,
    831369,
    831370,
    831371,
    831790,
    831796,
    831806,
    831830,
    831839,
    831845,
    831848,
    831857,
    831866,
    831871,
    831889,
    831906,
    831919,
    831926,
    831933,
    831941,
    831949,
    831952,
    831977,
    831984,
    832015,
    832022,
    832028,
    832047,
    832059,
    832070,
    832078,
    832082,
    832093,
    832106,
    832113,
    832122,
    832130,
    832133,
    832143,
    832152,
    832221,
    832267,
    832274,
    832282,
    832301,
    832304,
    832314,
    832318,
    832326,
    832328,
    832344,
    832355,
    832364,
    832365,
    832373,
    832403,
    832407,
    832409,
    832414,
    832415,
    832419,
    832421,
    832424,
    832427,
    832430,
    832435,
    832446,
    832449,
    832451,
    832459,
    832465,
    832472,
    832475,
    832481,
    832483,
    832490,
    832493,
    832501,
    832503,
    832510,
    832514,
    832517,
    832523,
    832530,
    832531,
    832534,
    832536,
    832541,
    832549,
    832554,
    832556,
    832560,
    832562,
    832567,
    832571,
    832578,
    832579,
    832591,
    832592,
    832593,
    832599,
    832601,
    832603,
    832608,
    832614,
    832616,
    832622,
    832624,
    832631,
    832633,
    832642,
    832643,
    832652,
    832654,
    832660,
    832662,
    832665,
    832669,
    832676,
    832680,
    832682,
    832688,
    832907,
    832690,
    832697,
    832698,
    832705,
    832706,
    832712,
    832714,
    832722,
    832723,
    832726,
    832736,
    832743,
    832746,
    832748,
    832750,
    832757,
    832758,
    832921,
    832759,
    832760,
    832923,
    832766,
    832773,
    832925,
    832778,
    832926,
    832785,
    832786,
    832788,
    832928,
    832930,
    832793,
    832796,
    832932,
    832804,
    832933,
    832805,
    832812,
    832815,
    832816,
    832817,
    832822,
    832824,
    832831,
    832833,
    832837,
    832844,
    832846,
    832853,
    832856,
    832860,
    832864,
    832871,
    832872,
    832876,
    832879,
    832885,
    832890,
    832891,
    832896,
    832897,
    832901,
    832903,
    833230,
    833254,
    833256,
    833371,
    833374,
    833383,
    833397,
    833112,
    833122,
    833125,
    833201,
    833223,
    833231,
    833240,
    833246,
    833583,
    833249,
    833266,
    833600,
    833270,
    833604,
    833277,
    833607,
    833279,
    833612,
    833280,
    833281,
    833287,
    833288,
    833290,
    833301,
    833302,
    833304,
    833311,
    833644,
    833312,
    833647,
    833313,
    833649,
    833318,
    833650,
    833319,
    833653,
    833321,
    833656,
    833325,
    833675,
    833328,
    833678,
    833331,
    833697,
    833336,
    833701,
    833341,
    833703,
    833345,
    833722,
    833348,
    833724,
    833727,
    833352,
    833746,
    833749,
    833752,
    833772,
    833361,
    833775,
    833378,
    833778,
    833796,
    833379,
    833386,
    833800,
    833388,
    833803,
    833390,
    833820,
    833825,
    833398,
    833841,
    833399,
    833844,
    833402,
    833847,
    833403,
    833864,
    833407,
    833868,
    833411,
    833871,
    833413,
    833885,
    833414,
    833889,
    833421,
    833891,
    833424,
    833430,
    833439,
    833442,
    833445,
    833448,
    833449,
    833958,
    833455,
    833456,
    833464,
    833465,
    833481,
    833486,
    834068,
    833489,
    834069,
    834070,
    834071,
    833496,
    834073,
    833509,
    834074,
    833510,
    834075,
    834076,
    834100,
    834103,
    834106,
    834138,
    833520,
    833526,
    833531,
    834175,
    833532,
    834207,
    833538,
    834211,
    833539,
    834215,
    834242,
    833543,
    834245,
    834270,
    833544,
    834272,
    833552,
    834275,
    833554,
    834295,
    834298,
    833559,
    834303,
    833561,
    834306,
    834333,
    833569,
    834336,
    833574,
    834372,
    833578,
    834373,
    833580,
    834377,
    833582,
    834409,
    834413,
    833587,
    834417,
    833591,
    834433,
    833594,
    834438,
    833598,
    834474,
    834479,
    833603,
    833613,
    833615,
    834489,
    833621,
    834526,
    834546,
    833624,
    834554,
    833625,
    834557,
    834558,
    833631,
    834559,
    834560,
    833632,
    834561,
    833639,
    834562,
    834563,
    834841,
    834846,
    834854,
    834856,
    834858,
    834859,
    834860,
    834861,
    834862,
    834863,
    834864,
    834865,
    834867,
    834868,
    834604,
    834869,
    834608,
    834870,
    834871,
    834611,
    834872,
    834873,
    834874,
    834615,
    834632,
    834876,
    834634,
    834877,
    834635,
    834878,
    834637,
    834879,
    834643,
    834647,
    834654,
    834656,
    834660,
    834665,
    834886,
    834668,
    834887,
    834888,
    834889,
    834679,
    834890,
    834686,
    834891,
    834687,
    834892,
    834893,
    834695,
    834702,
    834894,
    834704,
    834895,
    834709,
    834896,
    834897,
    834719,
    834898,
    834729,
    834731,
    834900,
    834737,
    834901,
    834739,
    834902,
    834742,
    834903,
    834744,
    834904,
    834747,
    834905,
    834750,
    834906,
    834753,
    834907,
    834760,
    834908,
    834761,
    834909,
    834763,
    834910,
    834764,
    834911,
    834765,
    834912,
    834772,
    834913,
    834914,
    834773,
    834775,
    834915,
    834780,
    834916,
    834917,
    834918,
    834919,
    834788,
    834798,
    834920,
    834801,
    835169,
    835170,
    835178,
    835184,
    835185,
    835187,
    835188,
    835192,
    834929,
    835200,
    835205,
    834931,
    835206,
    834936,
    835212,
    834939,
    835213,
    835220,
    835221,
    835223,
    834942,
    835226,
    834945,
    835227,
    835232,
    834951,
    834952,
    835233,
    834953,
    835241,
    834956,
    835246,
    835252,
    835253,
    835260,
    835263,
    835266,
    835268,
    835273,
    835275,
    835281,
    834983,
    835287,
    834985,
    835288,
    834988,
    835293,
    834994,
    835295,
    835299,
    835302,
    835306,
    835309,
    835314,
    835318,
    835320,
    835325,
    835023,
    835326,
    835028,
    835333,
    835334,
    835031,
    835338,
    835036,
    835339,
    835038,
    835342,
    835348,
    835044,
    835349,
    835047,
    835354,
    835355,
    835361,
    835362,
    835369,
    835371,
    835377,
    835380,
    835386,
    835387,
    835393,
    835395,
    835402,
    835400,
    835410,
    835093,
    835409,
    835421,
    835422,
    835429,
    835107,
    835114,
    835120,
    835123,
    835127,
    835133,
    835134,
    835138,
    835141,
    835480,
    835481,
    835144,
    835149,
    835490,
    835150,
    835499,
    835154,
    835500,
    835510,
    835157,
    835509,
    835160,
    835512,
    835164,
    835520,
    835522,
    835172,
    835530,
    835174,
    835532,
    835537,
    835538,
    835540,
    835547,
    835201,
    835209,
    835585,
    835210,
    835589,
    835217,
    835591,
    835219,
    835599,
    835600,
    835601,
    835230,
    835237,
    835623,
    835631,
    835242,
    835632,
    835637,
    835248,
    835638,
    835255,
    835640,
    835646,
    835258,
    835261,
    835267,
    835674,
    835278,
    835675,
    835284,
    835290,
    835294,
    835297,
    835301,
    835702,
    835304,
    835705,
    835712,
    835308,
    835713,
    835310,
    835313,
    835723,
    835317,
    835725,
    835321,
    835324,
    835730,
    835327,
    835732,
    835331,
    835335,
    835733,
    835735,
    835736,
    835343,
    835737,
    835738,
    835739,
    835350,
    835352,
    835359,
    835364,
    835373,
    835374,
    835375,
    835382,
    835384,
    835389,
    835390,
    835392,
    835397,
    835401,
    835406,
    835415,
    835760,
    835424,
    835426,
    835428,
    835431,
    835433,
    835438,
    835439,
    835441,
    835452,
    835459,
    835463,
    835466,
    835473,
    835474,
    835476,
    835482,
    835484,
    835486,
    835779,
    835487,
    835780,
    835491,
    835781,
    835496,
    835782,
    835497,
    835783,
    835502,
    835505,
    835786,
    835511,
    835516,
    835788,
    835517,
    835789,
    835523,
    835790,
    835526,
    835792,
    835533,
    835536,
    835539,
    835542,
    835546,
    835554,
    835561,
    835564,
    835577,
    835588,
    835804,
    835596,
    835805,
    835806,
    835603,
    835807,
    835604,
    835808,
    835809,
    835607,
    835810,
    835811,
    835617,
    835812,
    835620,
    835813,
    835622,
    835814,
    835815,
    835626,
    835628,
    835817,
    835633,
    835818,
    835636,
    835819,
    835821,
    835647,
    835822,
    835651,
    835823,
    835824,
    835660,
    835825,
    835826,
    835827,
    835828,
    835829,
    835830,
    835831,
    835677,
    835832,
    835833,
    835834,
    835835,
    835836,
    835690,
    835837,
    835838,
    835699,
    835839,
    835700,
    835840,
    835701,
    835841,
    835842,
    835708,
    835843,
    835844,
    835711,
    835845,
    835846,
    835716,
    835731,
    836071,
    835862,
    835863,
    835868,
    835870,
    835875,
    835876,
    835878,
    835880,
    836114,
    836120,
    836122,
    836123,
    836130,
    836132,
    836137,
    836138,
    836144,
    836145,
    836146,
    836153,
    836154,
    836155,
    836162,
    836164,
    836169,
    836171,
    836172,
    836178,
    836179,
    836180,
    835904,
    836187,
    836194,
    836195,
    835909,
    836196,
    836200,
    835915,
    836201,
    836204,
    835916,
    836209,
    835919,
    836210,
    835922,
    836217,
    835927,
    836220,
    835928,
    836226,
    835932,
    836227,
    836232,
    835933,
    836234,
    835936,
    836240,
    836241,
    835938,
    836243,
    836247,
    835940,
    835944,
    836255,
    835946,
    836256,
    835947,
    836542,
    836546,
    835951,
    836550,
    835952,
    836557,
    835956,
    836560,
    835957,
    836563,
    836566,
    835959,
    836570,
    836572,
    835964,
    835965,
    835966,
    835970,
    835974,
    836598,
    836607,
    836608,
    836613,
    836614,
    836637,
    835994,
    836647,
    835995,
    836651,
    835998,
    836653,
    836001,
    836661,
    836002,
    836698,
    836702,
    836706,
    836709,
    836714,
    836024,
    836718,
    836028,
    836722,
    836029,
    836725,
    836730,
    836734,
    836033,
    836739,
    836743,
    836748,
    836039,
    836749,
    836042,
    836752,
    836755,
    836043,
    836045,
    836761,
    836047,
    836764,
    836768,
    836771,
    836057,
    836774,
    836781,
    836786,
    836788,
    836794,
    836796,
    836805,
    836809,
    836812,
    836818,
    836819,
    836825,
    836827,
    836834,
    836837,
    836090,
    836843,
    836849,
    836853,
    836856,
    836100,
    836859,
    836862,
    836102,
    836865,
    836869,
    836108,
    836874,
    836880,
    836111,
    836112,
    836142,
    836161,
    836956,
    836170,
    836965,
    836986,
    836193,
    836212,
    836214,
    836219,
    837023,
    837025,
    837033,
    837037,
    837043,
    836259,
    836265,
    837054,
    836280,
    837057,
    836288,
    837062,
    837065,
    836422,
    836450,
    836498,
    836497,
    836505,
    837148,
    836512,
    837169,
    836520,
    836573,
    837182,
    836623,
    837188,
    836646,
    836656,
    837191,
    836685,
    837198,
    836705,
    837196,
    837200,
    836772,
    837202,
    836799,
    837203,
    836806,
    837209,
    836839,
    837210,
    836875,
    837212,
    836934,
    836952,
    837002,
    837015,
    837024,
    837036,
    837067,
    837088,
    837543,
    837586,
    837594,
    837605,
    837641,
    837647,
    837656,
    837685,
    837698,
    837709,
    837771,
    837820,
    837868,
    837884,
    837896,
    838069,
    837944,
    837956,
    837968,
    838038,
    838051,
    838073,
    838203,
    838094,
    838205,
    838120,
    838213,
    838216,
    838182,
    838224,
    838208,
    838210,
    838211,
    838218,
    838221,
    838228,
    838233,
    838234,
    838237,
    838238,
    838250,
    838254,
    838255,
    838268,
    838273,
    838277,
    838281,
    838285,
    838291,
    838297,
    838300,
    838302,
    838304,
    838332,
    838337,
    838347,
    838355,
    838363,
    838374,
    838379,
    838390,
    838395,
    838403,
    838405,
    838416,
    838420,
    838434,
    838439,
    838448,
    838450,
    838452,
    838455,
    838463,
    838467,
    838468,
    838478,
    838482,
    838489,
    838504,
    838511,
    838512,
    838519,
    838521,
    838524,
    838533,
    838536,
    838545,
    838546,
    838548,
    838556,
    838561,
    838569,
    838573,
    838581,
    838586,
    838590,
    838597,
    838603,
    838604,
    838618,
    838625,
    838629,
    838635,
    838636,
    838637,
    838644,
    838646,
    838647,
    838652,
    838659,
    838664,
    838668,
    838671,
    838673,
    838679,
    838684,
    838687,
    838691,
    838697,
    838701,
    838707,
    838711,
    838715,
    838721,
    838722,
    838726,
    838731,
    838735,
    838739,
    838743,
    838744,
    838750,
    838755,
    838760,
    838763,
    838767,
    838773,
    838776,
    838779,
    838790,
    838793,
    838795,
    838800,
    838803,
    838807,
    838811,
    838812,
    838813,
    838838,
    838862,
    838867,
    838873,
    838878,
    838880,
    838882,
    838889,
    838893,
    838897,
    838899,
    838904,
    838907,
    838910,
    838912,
    838918,
    838924,
    838931,
    838939,
    838948,
    838953,
    838955,
    838962,
    838966,
    838968,
    838973,
    838985,
    838987,
    838994,
    838999,
    839005,
    839010,
    839020,
    839023,
    839028,
    839042,
    839045,
    839063,
    839068,
    839071,
    839073,
    839083,
    839088,
    839090,
    839096,
    839102,
    839110,
    839116,
    839118,
    839124,
    839138,
    839140,
    839145,
    839151,
    839154,
    839157,
    839208,
    839164,
    839169,
    839215,
    839173,
    839216,
    839175,
    839361,
    839364,
    839369,
    839372,
    839377,
    839382,
    839386,
    839390,
    839398,
    839400,
    839408,
    839415,
    839421,
    839423,
    839426,
    839427,
    839434,
    839435,
    839441,
    839445,
    839450,
    839454,
    839455,
    839474,
    839481,
    839485,
    839487,
    839490,
    839497,
    839500,
    839501,
    839508,
    839513,
    839521,
    839534,
    839545,
    839548,
    839561,
    839569,
    839575,
    839580,
    839589,
    839608,
    839616,
    839633,
    839645,
    839648,
    839661,
    839676,
    839689,
    839704,
    839715,
    839723,
    839728,
    839751,
    839780,
    839799,
    839809,
    839832,
    839849,
    839879,
    839958,
    839961,
    839982,
    839988,
    839992,
    839994,
    840009,
    840012,
    840016,
    840023,
    840045,
    840050,
    840071,
    840074,
    840021,
    840097,
    840032,
    840098,
    840051,
    840102,
    840059,
    840123,
    840127,
    840081,
    840144,
    840089,
    840149,
    840151,
    840172,
    840109,
    840174,
    840199,
    840137,
    840201,
    840160,
    840205,
    840166,
    840221,
    840175,
    840194,
    840245,
    840247,
    840204,
    840268,
    840218,
    840272,
    840223,
    840273,
    840293,
    840295,
    840317,
    840242,
    840320,
    840270,
    840322,
    840296,
    840343,
    840301,
    840344,
    840366,
    840327,
    840334,
    840353,
    840358,
    840378,
    840384,
    840458,
    840462,
    840465,
    840487,
    840491,
    840531,
    840553,
    840554,
    840556,
    840560,
    840563,
    840579,
    840602,
    840620,
    840624,
    840644,
    840649,
    840663,
    840666,
    840685,
    840688,
    840693,
    840704,
    840708,
    840711,
    840718,
    840728,
    840730,
    840738,
    840748,
    840820,
    840837,
    840841,
    840844,
    840862,
    840865,
    840866,
    840870,
    840871,
    840886,
    840887,
    840898,
    840899,
    840900,
    840901,
    840909,
    840911,
    840913,
    840931,
    840932,
    840934,
    840958,
    840959,
    840967,
    840950,
    840983,
    840996,
    840997,
    841009,
    841048,
    841050,
    841023,
    841053,
    841052,
    841090,
    841088,
    841100,
    841109,
    841137,
    841153,
    841186,
    841184,
    841202,
    841217,
    841218,
    841232,
    841249,
    841289,
    841305,
    841307,
    841333,
    841340,
    841352,
    841353,
    841354,
    841356,
    841325,
    841358,
    841367,
    841335,
    841368,
    841370,
    841342,
    841371,
    841386,
    841393,
    841425,
    841427,
    841429,
    841432,
    841445,
    841422,
    841454,
    841456,
    841433,
    841458,
    841463,
    841435,
    841465,
    841467,
    841446,
    841474,
    841479,
    841459,
    841491,
    841512,
    841530,
    841532,
    841544,
    841551,
    841557,
    841558,
    841559,
    841564,
    841568,
    841570,
    841546,
    841549,
    841575,
    841581,
    841560,
    841583,
    841591,
    841592,
    841572,
    841594,
    841601,
    841603,
    841606,
    841609,
    841613,
    841616,
    841617,
    841622,
    841623,
    841625,
    841629,
    841633,
    841634,
    841635,
    841642,
    841643,
    841644,
    841628,
    841646,
    841651,
    841652,
    841655,
    841665,
    841648,
    841666,
    841668,
    841657,
    841679,
    841680,
    841681,
    841686,
    841688,
    841689,
    841697,
    841702,
    841690,
    841706,
    841714,
    841716,
    841707,
    841717,
    841728,
    841708,
    841729,
    841730,
    841741,
    841744,
    841711,
    841747,
    841750,
    841724,
    841757,
    841738,
    841759,
    841761,
    841743,
    841772,
    841773,
    841758,
    841774,
    841760,
    841765,
    841775,
    841797,
    841785,
    841805,
    841789,
    841812,
    841801,
    841813,
    848165,
    841815,
    841803,
    841826,
    841829,
    841810,
    841836,
    841837,
    841828,
    841842,
    841832,
    841843,
    841838,
    841849,
    841855,
    841847,
    841857,
    841863,
    841853,
    841870,
    841872,
    841858,
    841878,
    848162,
    841898,
    841883,
    841905,
    841907,
    841888,
    841910,
    841891,
    841911,
    841917,
    841899,
    841922,
    841904,
    841927,
    841929,
    841914,
    841935,
    848170,
    841938,
    841916,
    841944,
    841945,
    841924,
    841950,
    841925,
    841960,
    841961,
    841939,
    841964,
    841966,
    848169,
    841942,
    841978,
    841953,
    841979,
    841980,
    841957,
    841991,
    841970,
    841999,
    842001,
    848173,
    842003,
    842012,
    842015,
    842016,
    842017,
    842018,
    842019,
    842020,
    842021,
    842023,
    842024,
    842025,
    842005,
    842026,
    842027,
    842028,
    842029,
    842022,
    842049,
    842051,
    842090,
    842098,
    842109,
    842123,
    842131,
    842141,
    842143,
    842148,
    842156,
    842165,
    842168,
    842178,
    842189,
    842190,
    842202,
    842215,
    842218,
    842228,
    848176,
    842250,
    842255,
    842263,
    842276,
    842285,
    842295,
    842298,
    842307,
    842317,
    842318,
    842340,
    842343,
    842355,
    842358,
    842368,
    842375,
    842383,
    842390,
    842419,
    842397,
    842399,
    842435,
    842443,
    842421,
    842425,
    842450,
    842463,
    842478,
    842481,
    842484,
    842496,
    842498,
    842504,
    842514,
    842537,
    842516,
    842540,
    842541,
    842543,
    842544,
    842554,
    842536,
    842559,
    842563,
    842565,
    842568,
    842573,
    842575,
    842560,
    842576,
    842578,
    842582,
    842585,
    842592,
    842596,
    848177,
    842600,
    842581,
    842603,
    842607,
    842612,
    848179,
    842614,
    842619,
    842622,
    842627,
    842610,
    842631,
    848181,
    842636,
    842638,
    842642,
    842644,
    842623,
    842648,
    842635,
    842652,
    842654,
    842657,
    842647,
    842666,
    848185,
    842669,
    842649,
    842670,
    842678,
    842679,
    842680,
    842687,
    842689,
    842674,
    842690,
    848188,
    842699,
    842681,
    842700,
    842701,
    842712,
    842715,
    842716,
    842696,
    842726,
    842729,
    842737,
    842708,
    842738,
    842739,
    842723,
    848189,
    842749,
    842748,
    842733,
    842750,
    848191,
    842758,
    842759,
    842745,
    842765,
    848192,
    842777,
    842784,
    842763,
    842785,
    842788,
    842766,
    842781,
    842782,
    842807,
    842812,
    842814,
    842818,
    842832,
    842846,
    842853,
    842838,
    842856,
    842859,
    842868,
    842874,
    842883,
    842857,
    842858,
    842889,
    842870,
    842898,
    842871,
    842902,
    842885,
    842903,
    842884,
    842897,
    842920,
    842921,
    842900,
    842934,
    842935,
    842936,
    842911,
    842943,
    842922,
    842947,
    842946,
    842948,
    842953,
    842954,
    842931,
    842963,
    842956,
    842958,
    842960,
    842974,
    842977,
    842968,
    842986,
    842987,
    842971,
    842989,
    842990,
    842978,
    843000,
    843001,
    842981,
    843002,
    843015,
    843016,
    842985,
    843017,
    843019,
    843028,
    842995,
    843031,
    843033,
    843011,
    843044,
    843045,
    843012,
    843047,
    843048,
    843060,
    843061,
    843025,
    843063,
    843065,
    843050,
    843075,
    843078,
    843054,
    843079,
    843064,
    843089,
    848193,
    843091,
    843069,
    843092,
    843101,
    843072,
    848194,
    843103,
    843080,
    843104,
    843108,
    843085,
    843120,
    843121,
    843093,
    843123,
    843099,
    843130,
    848195,
    843109,
    843153,
    843205,
    843251,
    843225,
    843235,
    843246,
    843278,
    843258,
    843319,
    843321,
    848197,
    848198,
    848200,
    843342,
    848202,
    843354,
    843364,
    848205,
    843367,
    843374,
    843437,
    843444,
    843456,
    843475,
    843476,
    843466,
    843469,
    843473,
    843478,
    843516,
    843517,
    843523,
    843526,
    843530,
    843542,
    843534,
    843537,
    843554,
    843541,
    843546,
    843556,
    848206,
    843559,
    843571,
    848207,
    843582,
    843574,
    843586,
    843583,
    843604,
    843597,
    843609,
    843612,
    843602,
    843617,
    843660,
    843668,
    843687,
    843672,
    843690,
    843673,
    843694,
    843678,
    843695,
    843681,
    843702,
    843703,
    843688,
    843708,
    843721,
    843729,
    843733,
    843737,
    843754,
    843741,
    843761,
    843748,
    843762,
    843763,
    843750,
    843771,
    843756,
    843773,
    843775,
    843759,
    843766,
    843781,
    843785,
    843791,
    843778,
    843792,
    843780,
    848210,
    843799,
    843800,
    843806,
    843787,
    843789,
    843810,
    843816,
    843794,
    843817,
    843796,
    843819,
    843821,
    843805,
    843824,
    843830,
    843814,
    843833,
    843835,
    843818,
    843842,
    843846,
    843822,
    843848,
    843831,
    843853,
    843854,
    843840,
    843861,
    843862,
    843841,
    843863,
    843864,
    843847,
    843865,
    843871,
    848212,
    843855,
    843872,
    843874,
    843856,
    843878,
    843882,
    843866,
    843887,
    843889,
    848215,
    843868,
    843891,
    843898,
    843877,
    843899,
    843902,
    843880,
    843909,
    843911,
    848216,
    843886,
    843913,
    843895,
    843901,
    848220,
    843908,
    843930,
    843912,
    843933,
    843918,
    843934,
    843941,
    843922,
    843943,
    848222,
    843946,
    843931,
    843955,
    843956,
    843935,
    843957,
    843944,
    843965,
    848224,
    843966,
    843948,
    843969,
    843977,
    843954,
    848225,
    843979,
    843959,
    843987,
    843988,
    843970,
    843990,
    843991,
    848229,
    843975,
    844000,
    844001,
    843981,
    844004,
    843993,
    844008,
    843995,
    844005,
    844007,
    844012,
    848228,
    844013,
    844019,
    844020,
    848232,
    844039,
    844029,
    844043,
    844046,
    844031,
    844049,
    844038,
    844056,
    844057,
    844041,
    844059,
    848234,
    844050,
    844051,
    844064,
    844055,
    844079,
    844080,
    844062,
    844083,
    844091,
    844063,
    844092,
    848239,
    844073,
    844099,
    844077,
    844102,
    844108,
    848240,
    844085,
    844109,
    844110,
    844089,
    844112,
    844118,
    848244,
    844120,
    844122,
    844124,
    844128,
    844133,
    844134,
    848243,
    844142,
    844145,
    844148,
    844149,
    844155,
    844156,
    844158,
    848248,
    844162,
    844176,
    844177,
    844180,
    848249,
    844194,
    844196,
    844197,
    844199,
    848250,
    844214,
    844216,
    844217,
    844218,
    844221,
    848252,
    844223,
    844225,
    844235,
    848254,
    848256,
    844381,
    844399,
    844411,
    848259,
    844414,
    844421,
    844423,
    848263,
    844433,
    844434,
    844441,
    848262,
    844446,
    844452,
    844457,
    848267,
    844466,
    844467,
    848268,
    844482,
    844493,
    844497,
    848271,
    844501,
    844505,
    848272,
    844511,
    844522,
    844527,
    848273,
    844531,
    844536,
    848276,
    844540,
    844546,
    844552,
    848278,
    844561,
    844564,
    848279,
    844567,
    844576,
    844586,
    844589,
    844599,
    848281,
    844602,
    848283,
    844615,
    844627,
    848286,
    844630,
    844638,
    844641,
    844651,
    844654,
    844659,
    844667,
    844669,
    848288,
    844680,
    844690,
    844691,
    848291,
    844701,
    844704,
    844713,
    848292,
    844716,
    844724,
    844725,
    848300,
    844739,
    844740,
    844760,
    848299,
    844763,
    844787,
    848302,
    844792,
    844797,
    848304,
    844821,
    844832,
    848307,
    844844,
    844852,
    844862,
    848306,
    844891,
    844898,
    845001,
    845021,
    845027,
    845053,
    845057,
    845081,
    845085,
    845225,
    845252,
    848312,
    845270,
    845312,
    845331,
    848314,
    845362,
    845378,
    848318,
    845420,
    845435,
    848320,
    845474,
    845495,
    845510,
    848321,
    845513,
    845526,
    845538,
    845541,
    845555,
    845559,
    845577,
    845580,
    845586,
    845589,
    845601,
    845611,
    845617,
    845625,
    845628,
    845641,
    845644,
    845652,
    845653,
    845657,
    845666,
    845671,
    845680,
    845685,
    845705,
    845706,
    845709,
    845721,
    845731,
    845733,
    845736,
    845747,
    845751,
    845758,
    845773,
    845785,
    845788,
    845795,
    845797,
    845798,
    845800,
    845810,
    845815,
    845816,
    845824,
    845835,
    845837,
    845844,
    845845,
    845930,
    845945,
    845950,
    845955,
    845967,
    845971,
    845973,
    845989,
    845993,
    846004,
    846015,
    846019,
    846031,
    846041,
    846056,
    846065,
    846076,
    846080,
    846086,
    846098,
    846113,
    846129,
    846133,
    846149,
    846156,
    846162,
    846184,
    846191,
    846225,
    846240,
    846245,
    846279,
    846290,
    846304,
    846306,
    846314,
    846326,
    846327,
    846331,
    846336,
    846341,
    846370,
    846384,
    846386,
    846418,
    846429,
    846447,
    846458,
    846506,
    846512,
    846525,
    846533,
    846539,
    846543,
    846551,
    846560,
    846553,
    846564,
    846573,
    846579,
    846568,
    846588,
    846590,
    846596,
    846621,
    846624,
    846627,
    846634,
    846637,
    846643,
    846644,
    846651,
    846654,
    846655,
    846664,
    846673,
    846674,
    846677,
    846683,
    846693,
    846702,
    846704,
    846709,
    846717,
    846719,
    846747,
    846753,
    846755,
    846763,
    846765,
    846766,
    846772,
    846774,
    846784,
    846788,
    846795,
    846798,
    846805,
    846808,
    846824,
    846826,
    846829,
    846838,
    846840,
    846846,
    846855,
    846857,
    846866,
    846868,
    846873,
    846875,
    846884,
    846890,
    846894,
    846902,
    846908,
    846913,
    846916,
    846936,
    846948,
    846949,
    846950,
    846955,
    846960,
    846966,
    846968,
    846977,
    846980,
    846981,
    846967,
    846987,
    846988,
    846989,
    846997,
    846998,
    847000,
    847003,
    847007,
    847011,
    847012,
    847017,
    847020,
    847022,
    847035,
    847037,
    847021,
    847045,
    847026,
    847046,
    847049,
    847034,
    847058,
    847059,
    847044,
    847064,
    847047,
    847069,
    847072,
    847075,
    847060,
    847076,
    847083,
    847070,
    847087,
    847073,
    847091,
    847092,
    847084,
    847097,
    847098,
    847090,
    847105,
    847100,
    847111,
    847104,
    847113,
    847114,
    847115,
    847122,
    847124,
    847125,
    847118,
    847127,
    847137,
    847131,
    847138,
    847141,
    847133,
    847142,
    847151,
    847144,
    847153,
    847154,
    847157,
    847155,
    847158,
    847166,
    847169,
    847160,
    847178,
    847168,
    847172,
    847174,
    847181,
    847188,
    847198,
    847207,
    847208,
    847209,
    847200,
    847217,
    847212,
    847218,
    847220,
    847214,
    847221,
    847222,
    847228,
    847235,
    847236,
    847225,
    847238,
    847232,
    847240,
    847245,
    847234,
    847247,
    847249,
    847241,
    847251,
    847255,
    847256,
    847243,
    847257,
    847259,
    847254,
    847263,
    847268,
    847260,
    847269,
    847270,
    847266,
    847271,
    847279,
    847280,
    847274,
    847282,
    847286,
    847284,
    847293,
    847294,
    847285,
    847297,
    847305,
    847289,
    847307,
    847309,
    847299,
    847310,
    847303,
    847318,
    847320,
    847304,
    847321,
    847322,
    847326,
    847342,
    847344,
    847329,
    847350,
    847351,
    847337,
    847352,
    847353,
    847338,
    847355,
    847455,
    847463,
    847465,
    847467,
    847474,
    847468,
    847475,
    847478,
    847503,
    847499,
    847511,
    847508,
    847517,
    847523,
    847527,
    847533,
    847545,
    847541,
    847554,
    847558,
    847569,
    847578,
    847582,
    847592,
    847603,
    847608,
    847613,
    847622,
    847645,
    847632,
    847635,
    847646,
    847656,
    847664,
    847678,
    847689,
    847695,
    847708,
    847715,
    847735,
    847740,
    847750,
    847755,
    847769,
    847763,
    847778,
    847783,
    847787,
    847797,
    847798,
    847810,
    847834,
    847813,
    847836,
    847839,
    847822,
    847841,
    847847,
    847826,
    847850,
    847853,
    847855,
    847833,
    847858,
    847862,
    847864,
    847869,
    847848,
    847874,
    847859,
    847873,
    847875,
    847885,
    847887,
    847897,
    848083,
    848089,
    848093,
    848101,
    848107,
    848118,
    848126,
    848144,
    848157,
    848163,
    848253,
    848270,
    848287,
    848294,
    848322,
    848325,
    848326,
    848422,
    848371,
    848381,
    852125,
    848395,
    848396,
    848397,
    848404,
    848409,
    848412,
    848418,
    848426,
    848427,
    848437,
    848438,
    848445,
    848458,
    848466,
    848469,
    848476,
    848487,
    848495,
    848500,
    848508,
    848510,
    848515,
    848518,
    848522,
    848532,
    848538,
    848544,
    848547,
    848553,
    848556,
    848561,
    848570,
    848572,
    848580,
    848584,
    848590,
    848594,
    848600,
    848623,
    848613,
    848617,
    848635,
    848640,
    848648,
    848653,
    848662,
    848672,
    848674,
    848679,
    848690,
    848695,
    848700,
    848711,
    848720,
    848740,
    848743,
    848749,
    848752,
    848760,
    848763,
    848771,
    848886,
    848927,
    848942,
    848951,
    848953,
    848961,
    848962,
    848970,
    848971,
    848978,
    848987,
    849004,
    849006,
    849016,
    849024,
    849027,
    849032,
    849035,
    849040,
    849042,
    849044,
    849045,
    849075,
    849078,
    849094,
    849100,
    849114,
    849118,
    849129,
    849131,
    849137,
    849141,
    849142,
    849143,
    849145,
    849147,
    849148,
    849149,
    849150,
    849151,
    849203,
    849214,
    849222,
    849226,
    849230,
    849236,
    849241,
    849273,
    849279,
    849280,
    849288,
    849297,
    849305,
    849310,
    849313,
    849320,
    849322,
    849328,
    849330,
    849332,
    849338,
    849345,
    849346,
    849351,
    849352,
    849358,
    849359,
    849367,
    849368,
    849373,
    849376,
    849378,
    849385,
    849388,
    849400,
    849411,
    849412,
    849419,
    849420,
    849433,
    849437,
    849438,
    849443,
    849450,
    849452,
    849455,
    849459,
    849464,
    849465,
    849475,
    849480,
    849484,
    849491,
    849492,
    849499,
    849502,
    849504,
    849509,
    849512,
    849520,
    849522,
    849539,
    849544,
    849548,
    849556,
    849563,
    849564,
    849567,
    849573,
    849584,
    849585,
    849593,
    849595,
    849598,
    849600,
    849605,
    849608,
    849618,
    849619,
    849620,
    849626,
    849628,
    849630,
    849631,
    849634,
    849637,
    849639,
    849640,
    849642,
    849644,
    849646,
    849647,
    849652,
    849654,
    849655,
    849656,
    849664,
    849667,
    849672,
    849677,
    849680,
    849684,
    849698,
    849699,
    849708,
    849709,
    849710,
    849719,
    849721,
    849724,
    849725,
    849733,
    849736,
    849744,
    849747,
    849749,
    849757,
    849760,
    849770,
    849772,
    849775,
    849777,
    849786,
    849788,
    849791,
    849802,
    849803,
    849804,
    849807,
    849819,
    849821,
    849832,
    849834,
    849835,
    849864,
    849866,
    849878,
    849880,
    849881,
    849890,
    849894,
    849897,
    849899,
    849914,
    849917,
    849928,
    849930,
    849931,
    849939,
    849941,
    849942,
    849953,
    849954,
    849964,
    849966,
    849968,
    849980,
    849981,
    849983,
    849986,
    849999,
    850001,
    850015,
    850017,
    850019,
    850032,
    850036,
    850039,
    850040,
    850061,
    850063,
    850070,
    850083,
    850084,
    850085,
    850101,
    850102,
    850103,
    850112,
    850113,
    850115,
    850125,
    850128,
    850129,
    850130,
    850131,
    850132,
    850133,
    850134,
    850135,
    850136,
    850206,
    850218,
    850220,
    850227,
    850234,
    850236,
    850248,
    850252,
    850267,
    850266,
    850281,
    850285,
    850294,
    850299,
    850306,
    850310,
    850312,
    850319,
    850322,
    850329,
    850330,
    850333,
    850341,
    850343,
    850354,
    850361,
    850362,
    850365,
    850367,
    850380,
    850392,
    850397,
    850402,
    850413,
    850415,
    850419,
    850425,
    850426,
    850429,
    850441,
    850443,
    850456,
    850458,
    850459,
    850460,
    850463,
    850474,
    850487,
    850488,
    850490,
    850493,
    850515,
    850518,
    850522,
    850544,
    850546,
    850562,
    850563,
    850564,
    850574,
    850575,
    850591,
    850598,
    850602,
    850616,
    850618,
    850634,
    850637,
    850643,
    850644,
    850656,
    850657,
    850659,
    850669,
    850672,
    850674,
    850677,
    850687,
    850688,
    850690,
    850698,
    851004,
    851023,
    851029,
    851047,
    851050,
    851056,
    851069,
    851074,
    851087,
    851088,
    851103,
    851104,
    851121,
    851122,
    851124,
    851137,
    851143,
    851145,
    851158,
    851165,
    851180,
    851187,
    851193,
    851211,
    851220,
    851237,
    851240,
    851258,
    851260,
    851264,
    851283,
    851284,
    851286,
    851307,
    851309,
    851345,
    851351,
    851353,
    851357,
    851370,
    851378,
    851380,
    851401,
    851406,
    851408,
    851423,
    851426,
    851427,
    851440,
    851442,
    851455,
    851458,
    851461,
    851477,
    851481,
    851483,
    851496,
    851498,
    851502,
    851520,
    851534,
    851543,
    851561,
    851563,
    851567,
    851585,
    851602,
    851606,
    851607,
    851625,
    851626,
    851646,
    851647,
    851650,
    851654,
    851656,
    851669,
    851864,
    851857,
    851868,
    851871,
    851888,
    851912,
    851927,
    851930,
    851942,
    851943,
    851951,
    851952,
    851955,
    851964,
    851965,
    851969,
    851978,
    851979,
    851982,
    851984,
    851986,
    851988,
    855338,
    855339,
    855340,
    855341,
    855343,
    855342,
    855344,
    855345,
    855346,
    855347,
    855348,
    855349,
    855350,
    855351,
    855352,
    855353,
    855354,
    855355,
    855356,
    855357,
    855358,
    855359,
    855369,
    855375,
    855381,
    855423,
    855428,
    855437,
    855441,
    855451,
    855454,
    855461,
    855468,
    855473,
    855485,
    855493,
    871159,
    871160,
    871161,
    871162,
    871165,
    871166,
    871168,
    871169,
    871173,
    871172,
    871176,
    871175,
    871180,
    871179,
    871183,
    871184,
    871187,
    871186,
    871188,
    871189,
    871194,
    871193,
    871195,
    871196,
    871200,
    871199,
    871202,
    871203,
    871205,
    871212,
    871219,
    871227,
    871230,
    871229,
    871234,
    871233,
    871236,
    871237,
    871240,
    871241,
    871243,
    871242,
    871248,
    871247,
    871252,
    871251,
    871261,
    871262,
    871263,
    860475,
    860485,
    860502,
    860548,
    860563,
    860570,
    860580,
    860589,
    860596,
    860608,
    860621,
    860629,
    860637,
    860649,
    860661,
    860671,
    860681,
    860693,
    860744,
    860756,
    860768,
    860781,
    860804,
    860814,
    860832,
    871274,
    871275,
    871277,
    871278,
    871279,
    871280,
    871282,
    871281,
    871283,
    871284,
    871285,
    860983,
    871286,
    860996,
    871287,
    871289,
    861017,
    871288,
    871290,
    861026,
    871291,
    871292,
    861044,
    871293,
    871294,
    861049,
    871295,
    871296,
    861064,
    871297,
    871298,
    861076,
    871299,
    861084,
    871300,
    871301,
    861093,
    871302,
    861101,
    871303,
    871304,
    871305,
    861111,
    871306,
    861120,
    871307,
    871308,
    861126,
    871309,
    871311,
    861139,
    871310,
    871312,
    861151,
    871313,
    861159,
    871314,
    861166,
    871315,
    871316,
    871317,
    871318,
    861231,
    871319,
    871320,
    861240,
    871321,
    871323,
    861249,
    871322,
    871324,
    861260,
    871325,
    871327,
    862310,
    862326,
    862377,
    862393,
    862404,
    862416,
    862436,
    862443,
    862447,
    862454,
    862471,
    862480,
    862483,
    862484,
    862500,
    862506,
    862512,
    862520,
    862528,
    862535,
    862537,
    862545,
    862553,
    862556,
    862561,
    862570,
    862580,
    862584,
    862591,
    862600,
    862603,
    862613,
    862626,
    862634,
    862639,
    862643,
    862649,
    862653,
    862663,
    862668,
    862676,
    862679,
    862688,
    862690,
    862697,
    862702,
    862708,
    862710,
    862713,
    862722,
    862732,
    862737,
    862743,
    862750,
    862759,
    862766,
    862823,
    862831,
    862838,
    862840,
    862850,
    862863,
    862884,
    862891,
    862898,
    862902,
    862907,
    862908,
    862912,
    862973,
    862974,
    862980,
    862988,
    862998,
    863008,
    863015,
    863017,
    863024,
    863031,
    863039,
    863043,
    863051,
    863059,
    863065,
    863072,
    863086,
    863088,
    863112,
    863120,
    863126,
    863137,
    863151,
    863154,
    863162,
    863168,
    863183,
    863191,
    863201,
    863210,
    863213,
    863227,
    863236,
    863245,
    863253,
    863261,
    863265,
    863271,
    863275,
    863279,
    863282,
    863286,
    863292,
    863298,
    863302,
    863306,
    863311,
    863326,
    863331,
    863332,
    863350,
    863353,
    863376,
    863388,
    863398,
    863403,
    863514,
    863518,
    863521,
    863527,
    863530,
    863536,
    863541,
    863544,
    863547,
    863553,
    863558,
    863592,
    863628,
    863638,
    863639,
    863647,
    863655,
    863656,
    863657,
    863659,
    863660,
    863662,
    863669,
    863673,
    863678,
    863679,
    863685,
    863688,
    863880,
    863883,
    863889,
    863894,
    863902,
    863904,
    863908,
    863910,
    863913,
    863916,
    863919,
    863922,
    863929,
    863932,
    863936,
    863940,
    863948,
    863952,
    863960,
    863962,
    863967,
    863975,
    863979,
    863983,
    863986,
    863990,
    863993,
    863996,
    864003,
    864010,
    864023,
    864025,
    864029,
    864031,
    864036,
    864038,
    864044,
    864049,
    864055,
    864056,
    864057,
    864060,
    864064,
    864070,
    864073,
    864074,
    864078,
    864079,
    864081,
    864087,
    864095,
    864099,
    864102,
    864107,
    864108,
    864113,
    864121,
    864123,
    864129,
    864131,
    864136,
    864144,
    864148,
    864161,
    864178,
    864187,
    864192,
    864193,
    864197,
    864200,
    864205,
    864210,
    864211,
    864214,
    864215,
    864218,
    864220,
    864222,
    864223,
    864226,
    864230,
    864231,
    864234,
    864242,
    864247,
    864248,
    864250,
    864258,
    864264,
    864271,
    864273,
    864275,
    864280,
    864286,
    864289,
    864294,
    864297,
    864300,
    864303,
    864309,
    864312,
    864316,
    864348,
    864356,
    864361,
    864370,
    864380,
    864382,
    864389,
    864395,
    864398,
    864405,
    864410,
    864419,
    864426,
    864428,
    864432,
    864701,
    864707,
    864717,
    864724,
    864734,
    864743,
    864745,
    864751,
    864756,
    864765,
    864770,
    864780,
    864792,
    864798,
    864804,
    864809,
    864812,
    864815,
    864822,
    864825,
    864832,
    864834,
    864850,
    864856,
    864861,
    864868,
    864870,
    864878,
    864907,
    864911,
    864918,
    864927,
    864948,
    864956,
    864960,
    872203,
    872204,
    872209